#MayaMan 1.2.18
##RenderMan RIB
version 3.03
NuPatch 11 4 [-0.25 -0.25 -0.125
0 0.125 0.25 0.375 0.5 0.625 0.75 0.875 1 1.125 1.25 1.25] 0 1 7 4 [0 0 0 0 0.25 0.5 0.75 1 1 1 1] 0 1 
	"Pw" [0 -1 0 1 0 -1 0 1
0 -1 0 1 0 -1 0 1 0 -1 0 1
0 -1 0 1 0 -1 0 1 0 -1 0 1
0 -1 0 1 0 -1 0 1 0 -1 0 1
0.199917 -1 -0.199917 1 0.282725 -1 0 1 0.199917 -1 0.199917 1
0 -1 0.282725 1 -0.199917 -1 0.199917 1 -0.282725 -1 0 1
-0.199917 -1 -0.199917 1 0 -1 -0.282725 1 0.199917 -1 -0.199917 1
0.282725 -1 0 1 0.199917 -1 0.199917 1 0.61643 -0.783612 -0.61643 1
0.871764 -0.783612 0 1 0.61643 -0.783612 0.61643 1 0 -0.783612 0.871764 1
-0.61643 -0.783612 0.61643 1 -0.871764 -0.783612 0 1 -0.61643 -0.783612 -0.61643 1
0 -0.783612 -0.871764 1 0.61643 -0.783612 -0.61643 1 0.871764 -0.783612 0 1
0.61643 -0.783612 0.61643 1 0.867202 0 -0.867202 1 1.22641 0 0 1
0.867202 0 0.867202 1 0 0 1.22641 1 -0.867202 0 0.867202 1
-1.22641 0 0 1 -0.867202 0 -0.867202 1 0 0 -1.22641 1
0.867202 0 -0.867202 1 1.22641 0 0 1 0.867202 0 0.867202 1
0.61643 0.783612 -0.61643 1 0.871764 0.783612 0 1 0.61643 0.783612 0.61643 1
0 0.783612 0.871764 1 -0.61643 0.783612 0.61643 1 -0.871764 0.783612 0 1
-0.61643 0.783612 -0.61643 1 0 0.783612 -0.871764 1 0.61643 0.783612 -0.61643 1
0.871764 0.783612 0 1 0.61643 0.783612 0.61643 1 0.199917 1 -0.199917 1
0.282725 1 0 1 0.199917 1 0.199917 1 0 1 0.282725 1
-0.199917 1 0.199917 1 -0.282725 1 0 1 -0.199917 1 -0.199917 1
0 1 -0.282725 1 0.199917 1 -0.199917 1 0.282725 1 0 1
0.199917 1 0.199917 1 0 1 0 1 0 1 0 1
0 1 0 1 0 1 0 1 0 1 0 1
0 1 0 1 0 1 0 1 0 1 0 1
0 1 0 1 0 1 0 1 0 1 0 1]
